各クラスタの平均値と分散:
            注視時間(ms)               平均サッケード振幅(px)              最大サッケード振幅(px)                    サッケード数                      平均速度                  視覚的探索距離(px)                  視覚的探索の 均一性               平均視線回転(rad)
                mean           var          mean          var          mean           var        mean          var         mean           var           mean           var         mean           var        mean       var       
Cluster
1        2820.400000  53220.300000    360.498947  1761.316737   1478.943676  23793.004160  393.400000   408.800000  1312.316698  17207.555579  201701.971200  3.006125e+08   727.484036   3726.437806   -0.077976  0.013668       
2        3062.428571  58596.285714    251.734305  1248.578462   1158.348564  21181.204775  440.714286  1989.904762  1017.956314  16854.699771  171323.899771  2.762945e+08   596.672381   6164.048433    0.108637  0.033330       
3        1727.666667  37886.333333    321.680005  4124.287820   1127.756443  94102.107586  229.000000  1843.000000  1235.182429   9420.150654  118034.383900  5.587044e+07  1069.334058  17247.102304   -0.202240  0.002098       
4        2166.500000  56481.714286    332.055392  1043.084015   1255.607587  29480.100058  320.750000  1001.642857  1340.799710  10001.902519  160753.268525  1.747953e+08   921.279688  12521.520812    0.008395  0.005444       
5        2067.000000           NaN    525.064014          NaN   1382.884666           NaN  236.000000          NaN  1632.183016           NaN  181326.589300           NaN   924.333817           NaN   -0.267535       NaN       
6        2276.714286  77072.238095    249.744992   322.962504    991.078516  10701.437940  346.285714  3855.238095  1018.977382   4382.709192  129367.650029  1.516586e+08   802.074817   5017.070709   -0.053954  0.006373       
7        1492.000000           NaN    163.253923          NaN    865.085545           NaN  247.000000          NaN   744.428054           NaN   63507.623720           NaN   886.554289           NaN    0.357958       NaN       

クラスタ分布:
Cluster
4    8
2    7
6    7
1    5
3    3
5    1
7    1

PCA成分（主成分負荷量）:
                 注視時間(ms)  平均サッケード振幅(px)  最大サッケード振幅(px)    サッケード数      平均速度  視覚的探索距離(px)  視覚的探索の均一性  平均視線回転(rad)
PCA Component 1 -0.449413       0.326697       0.062584 -0.471998  0.357317    -0.134145   0.472611    -0.309138
PCA Component 2  0.289954       0.429137       0.462561  0.170733  0.392331     0.545296  -0.140439    -0.132895