各クラスタの平均値と分散:
            注視時間(ms)                平均サッケード振幅(px)              最大サッケード振幅(px)                     サッケード数                       平均速度                  視覚的探索距離(px)                 視覚的探索 の均一性               平均視線回転(rad)
                mean            var          mean          var          mean            var        mean           var         mean           var           mean           var        mean           var        mean       var     
Cluster
1        2400.083333  116237.341667    270.179116   862.156204   1030.920724   14019.499340  367.166667   5408.466667  1095.827866  17094.772859  143639.268817  6.823279e+08  812.447842   3506.212985   -0.039530  0.005505     
2        2766.166667  394463.866667    349.986088  3101.467214   1380.073320    5720.414227  391.583333   8831.541667  1339.039406  19125.392893  197012.749933  1.519225e+09  787.330769  35702.530425   -0.031744  0.014716     
3        3986.500000  352269.600000    212.932578   632.973701   1107.703799   14142.533862  649.772727  12832.318182   885.743937   6826.665996  180904.106764  1.597117e+08  539.789241   5499.901318    0.029918  0.013960     
4        2778.500000            NaN    151.833371          NaN    863.043934            NaN  471.500000           NaN   682.702573           NaN  101959.263100           NaN  639.783418           NaN    0.321014       NaN     
5        4369.166667  245436.566667    276.853954   760.694049   1145.949594   11616.607197  657.250000   4916.475000  1087.564137   5467.021297  243368.230783  4.134517e+08  540.288853   4367.967793   -0.100500  0.006303     
6        6158.000000   22684.500000    247.887846   258.627697   1337.954387  200305.918609  896.000000   1512.500000   930.030177    515.084793  281288.325150  6.707608e+07  429.913487    386.981995    0.093761  0.048777     

クラスタ分布:
Cluster
3    11
2     6
1     6
5     6
6     2
4     1

PCA成分（主成分負荷量）:
                 注視時間(ms)  平均サッケード振幅(px)  最大サッケード振幅(px)    サッケード数      平均速度  視覚的探索距離(px)  視覚的探索の均一性  平均視線回転(rad)
PCA Component 1  0.455351      -0.347725      -0.054293  0.474071 -0.385700     0.238549  -0.462546     0.156312
PCA Component 2  0.259133       0.424884       0.460744  0.163248  0.361444     0.519843  -0.093257    -0.322201